0 STEP
1 15 0 -192 0 1 0 0 0 1 0 0 0 1 95646.dat
0 !LEOCAD PIECE PIVOT  0 16 0 1 0 0 0 1 0 0 0 1
1 15 -140 -52 160 1 0 0 0 1 0 0 0 1 95658.dat
0 !LEOCAD PIECE PIVOT  0 16 0 1 0 0 0 1 0 0 0 1
1 15 140 -52 160 1 0 0 0 1 0 0 0 1 95658.dat
1 8 180 -151 -60 0 0 -1 -1 0 0 0 1 0 32526.dat
1 8 -180 -151 -60 0 0 1 -1 0 0 0 -1 0 32526.dat
0 !LEOCAD PIECE PIVOT  0 -8 0 1 0 0 0 1 0 0 0 1
1 15 0 -72 -60 0 0 -1 -1 0 0 0 1 0 32278.dat
1 7 100 -52 20 0 1 0 1 0 0 0 0 -1 55615.dat
1 7 -100 -52 20 0 0 1 1 0 0 0 1 0 55615.dat
1 15 0.2 -52 40 0 0 -1 1 0 0 0 -1 0 32525.dat
1 7 100 -171 -80 0 0 1 0 1 0 -1 0 0 48989.dat
1 7 -100 -171 -80 0 0 1 0 1 0 -1 0 0 48989.dat
1 8 120 -171 -80 0 -1 0 0 0 -1 1 0 0 32523.dat
1 8 -120 -171 -80 0 -1 0 0 0 -1 1 0 0 32523.dat
1 8 120 -112 100 0 -1 0 1 0 0 0 0 1 32523.dat
1 8 -120 -112 100 0 -1 0 1 0 0 0 0 1 32523.dat
1 8 -100 -192 80 0 1 0 0 0 1 1 0 0 32526.dat
1 8 100 -192 80 0 1 0 0 0 1 1 0 0 32526.dat
1 7 -120 -172.3039 80 1 0 0 0 0 1 0 -1 0 55615.dat
0 !LEOCAD PIECE PIVOT  -0.0001 24 -0.4297 1 0 0 0 1 0 0 0 1
1 8 -120 -151.8356 60 1 0 0 0 0 -1 0 1 0 32523.dat
1 7 195 -53 158 0 0 -1 0 1 0 1 0 0 56145c01.dat
1 7 -195 -53 158 0 0 1 0 -1 0 1 0 0 56145c01.dat
1 7 0 -12 -100 1 0 0 0 0 -1 0 1 0 92911c01.dat
1 7 -135.8494 -212 191.8967 0 -0.788011 0.615661 1 0 0 0 0.615661 0.788011 48989.dat
1 8 -148.1446 -214 180.1186 0 -0.615662 -0.788011 1 0 0 0 -0.788011 0.615662 32523.dat
1 7 -80 -72 -80 0 0 1 1 0 0 0 1 0 32140.dat
1 7 80 -72 -80 0 0 -1 1 0 0 0 -1 0 32140.dat
1 15 -123.5361 -212 207.657 -0.615661 0 0.788011 0 1 0 -0.788011 0 -0.615661 95652.dat
1 4 -120 -192 80 -1 0 0 0 -1 0 0 0 1 6629.dat
